[LEFT_CAM_2K]
fx=1398.34
fy=1398.34
cx=1107.68
cy=627.766
k1=-0.173288
k2=0.0262303
p1=0.0012184
p2=-0.000318354
k3=0

[RIGHT_CAM_2K]
fx=1397.3
fy=1397.3
cx=1106.91
cy=604.125
k1=-0.174929
k2=0.0270399
p1=0.0012334
p2=-0.000464761
k3=0

[LEFT_CAM_FHD]
fx=1398.34
fy=1398.34
cx=963.68
cy=546.766
k1=-0.173288
k2=0.0262303
p1=0.0012184
p2=-0.000318354
k3=0

[RIGHT_CAM_FHD]
fx=1397.3
fy=1397.3
cx=962.91
cy=523.125
k1=-0.174929
k2=0.0270399
p1=0.0012334
p2=-0.000464761
k3=0

[LEFT_CAM_HD]
fx=699.17
fy=699.17
cx=640.34
cy=361.883
k1=-0.173288
k2=0.0262303
p1=0.0012184
p2=-0.000318354
k3=0

[RIGHT_CAM_HD]
fx=698.65
fy=698.65
cx=639.955
cy=350.0625
k1=-0.174929
k2=0.0270399
p1=0.0012334
p2=-0.000464761
k3=0

[LEFT_CAM_VGA]
fx=349.585
fy=349.585
cx=335.67
cy=188.4415
k1=-0.173288
k2=0.0262303
p1=0.0012184
p2=-0.000318354
k3=0

[RIGHT_CAM_VGA]
fx=349.325
fy=349.325
cx=335.4775
cy=182.53125
k1=-0.174929
k2=0.0270399
p1=0.0012334
p2=-0.000464761
k3=0

[STEREO]
Baseline=120.003
TY=-0.000429056
TZ=0.00430814
CV_2K=0.0105018
CV_FHD=0.0105018
CV_HD=0.0105018
CV_VGA=0.0105018
RX_2K=0.00244472
RX_FHD=0.00244472
RX_HD=0.00244472
RX_VGA=0.00244472
RZ_2K=0.00121244
RZ_FHD=0.00121244
RZ_HD=0.00121244
RZ_VGA=0.00121244

