[LEFT_CAM_2K]
fx=1058.35
fy=1058.6
cx=1099.73
cy=615.443
k1=-0.04273
k2=0.0111887
p1=0.000265949
p2=0.000128559
k3=-0.00517968

[RIGHT_CAM_2K]
fx=1055.96
fy=1055.68
cx=1117.25
cy=626.628
k1=-0.0435125
k2=0.0124082
p1=0.000196133
p2=-0.000519766
k3=-0.00558042

[LEFT_CAM_FHD]
fx=1058.35
fy=1058.6
cx=955.73
cy=534.443
k1=-0.04273
k2=0.0111887
p1=0.000265949
p2=0.000128559
k3=-0.00517968

[RIGHT_CAM_FHD]
fx=1055.96
fy=1055.68
cx=973.25
cy=545.628
k1=-0.0435125
k2=0.0124082
p1=0.000196133
p2=-0.000519766
k3=-0.00558042

[LEFT_CAM_HD]
fx=529.175
fy=529.3
cx=636.365
cy=355.7215
k1=-0.04273
k2=0.0111887
p1=0.000265949
p2=0.000128559
k3=-0.00517968

[RIGHT_CAM_HD]
fx=527.98
fy=527.84
cx=645.125
cy=361.314
k1=-0.0435125
k2=0.0124082
p1=0.000196133
p2=-0.000519766
k3=-0.00558042

[LEFT_CAM_VGA]
fx=264.5875
fy=264.65
cx=333.6825
cy=185.36075
k1=-0.04273
k2=0.0111887
p1=0.000265949
p2=0.000128559
k3=-0.00517968

[RIGHT_CAM_VGA]
fx=263.99
fy=263.92
cx=338.0625
cy=188.157
k1=-0.0435125
k2=0.0124082
p1=0.000196133
p2=-0.000519766
k3=-0.00558042

[STEREO]
Baseline=119.168
TY=0.243951
TZ=-0.0935317
CV_2K=0.00437715
CV_FHD=0.00437715
CV_HD=0.00437715
CV_VGA=0.00437715
RX_2K=-0.000384296
RX_FHD=-0.000384296
RX_HD=-0.000384296
RX_VGA=-0.000384296
RZ_2K=-0.000898111
RZ_FHD=-0.000898111
RZ_HD=-0.000898111
RZ_VGA=-0.000898111

